0.3	0.01996
0.315	0.03788
0.325	0.05454
0.335	0.0639
0.345	0.08552
0.355	0.10805
0.365	0.12097
0.375	0.13737
0.385	0.16656
0.395	0.17188
0.405	0.21923
0.415	0.2208
0.425	0.26089
0.435	0.27425
0.445	0.31145
0.455	0.32066
0.465	0.35802
0.475	0.40007
0.485	0.44722
0.495	0.47373
0.501	0.47419
0.503	0.48409
0.505	0.51187
0.507	0.49687
0.509	0.51215
0.511	0.51889
0.513	0.55082
0.515	0.56936
0.517	0.55127
0.519	0.57175
0.521	0.54646
0.523	0.59188
0.525	0.63063
0.527	0.60042
0.529	0.63604
0.531	0.62279
0.533	0.66245
0.535	0.6807
0.537	0.69929
0.539	0.69538
0.541	0.71875
0.543	0.76322
0.545	0.72971
0.547	0.78741
0.549	0.78478
0.551	0.7999
0.553	0.80795
0.555	0.83709
0.557	0.83445
0.559	0.81611
0.561	0.87826
0.563	0.88908
0.565	0.90453
0.567	0.88714
0.569	0.96011
0.571	0.93175
0.573	0.93487
0.575	0.97465
0.577	1.03662
0.579	0.986
0.581	1.04375
0.583	1.05238
0.585	1.09225
0.587	1.11562
0.589	1.11637
0.591	1.10732
0.593	1.17756
0.595	1.22476
0.597	1.28594
0.599	1.30457
0.59986	1.30741
0.6	1.30774
0.601	1.31014
0.603	1.36104
0.605	1.41544
0.607	1.39628
0.609	1.44296
0.611	1.48429
0.6125	1.51113
0.613	1.52006
0.615	1.52378
0.617	1.57654
0.619	1.61574
0.621	1.69114
0.623	1.71284
0.625	1.71641
0.627	1.80991
0.629	1.83342
0.63	1.88104
0.631	1.92859
0.633	1.9545
0.635	2.02122
0.637	2.05947
0.6375	2.04362
0.639	1.99607
0.641	2.14326
0.643	2.21518
0.645	2.24829
0.647	2.26354
0.649	2.43267
0.651	2.47453
0.653	2.51655
0.655	2.56866
0.657	2.60165
0.659	2.74702
0.66	2.71407
0.661	2.6797
0.663	2.85659
0.665	2.93779
0.667	3.01885
0.669	3.0434
0.671	3.14303
0.673	3.35463
0.675	3.39357
0.677	3.45249
0.679	3.5971
0.681	3.74162
0.683	3.74033
0.685	3.95339
0.687	4.05615
0.6875	4.05878
0.689	4.0667
0.69	4.16172
0.691	4.26096
0.693	4.37931
0.695	4.54532
0.697	4.67936
0.699	4.77467
0.701	4.83225
0.703	5.07293
0.705	5.10438
0.707	5.33034
0.709	5.3323
0.711	5.65051
0.713	5.7774
0.715	5.83602
0.717	6.15487
0.719	6.22023
0.72	6.2661
0.721	6.31281
0.723	6.61925
0.725	6.59411
0.727	6.81976
0.729	6.9205
0.731	7.15723
0.733	7.33926
0.735	7.45647
0.737	7.62649
0.7375	7.66359
0.739	7.77489
0.741	8.00112
0.743	8.08463
0.745	8.13919
0.747	8.27496
0.749	8.48143
0.74979	8.4902
0.75	8.49061
0.7502	8.49035
0.75026	8.49981
0.7504	8.52212
0.751	8.53759
0.753	8.64191
0.755	8.89182
0.757	8.78532
0.759	8.82132
0.75979	8.90658
0.76	9.00623
0.76018	9.0917
0.76029	9.02275
0.7604	8.95407
0.761	9.02736
0.763	9.18942
0.76379	9.18312
0.764	9.20454
0.76417	9.22179
0.76431	9.20239
0.7644	9.19025
0.765	9.23096
0.767	9.53756
0.769	9.71129
0.76979	9.7514
0.77	9.97575
0.77011	10.09346
0.7704	9.94844
0.771	10.08257
0.773	10.84473
0.7732	10.90271
0.77379	11.10562
0.774	11.13879
0.77438	11.19869
0.7744	11.4888
0.775	11.99639
0.777	13.41493
0.77779	14.09137
0.77786	14.20696
0.778	14.44516
0.77811	14.63234
0.77817	14.87552
0.7782	14.86716
0.7784	15.07202
0.779	15.98989
0.77979	16.86439
0.7799	17.17831
0.78	17.3225
0.78017	17.56711
0.7802	17.61109
0.7804	17.88803
0.78079	18.55246
0.781	18.74289
0.7814	19.02829
0.78179	19.40652
0.7818	19.40276
0.782	19.3074
0.78213	19.24482
0.78223	18.89385
0.7824	19.3141
0.78279	19.38173
0.7829	19.33374
0.783	18.82657
0.7832	17.82921
0.78325	17.99187
0.7834	18.47729
0.78379	18.07055
0.784	17.4364
0.78424	16.71118
0.7844	16.80562
0.785	15.48124
0.7854	14.74805
0.78579	14.06178
0.78587	13.70546
0.786	13.12587
0.78604	12.94722
0.78618	13.48717
0.7864	13.04982
0.787	12.65467
0.789	11.66384
0.7892	11.54138
0.78979	9.22315
0.79	9.12047
0.79009	9.07674
0.7904	9.01693
0.7905	8.98307
0.791	8.8138
0.793	8.39939
0.7932	8.36673
0.79379	7.76188
0.794	7.63973
0.79414	7.5582
0.7944	7.69324
0.795	7.6656
0.797	6.99877
0.799	6.82133
0.79979	6.68196
0.8	6.79721
0.80028	6.69549
0.8004	6.65283
0.801	6.61556
0.803	6.24648
0.805	6.234
0.807	5.90947
0.809	5.63639
0.80979	5.62344
0.81	5.63535
0.81014	5.64328
0.81025	5.63854
0.8104	5.63249
0.811	5.6541
0.8125	5.3958
0.813	5.30968
0.815	5.21886
0.817	5.02588
0.819	5.02887
0.82	4.8872
0.821	4.7758
0.823	4.6914
0.825	4.49925
0.827	4.43465
0.829	4.37955
0.831	4.23669
0.833	4.0682
0.835	3.93543
0.837	3.93359
0.8375	3.87025
0.839	3.68023
0.84	3.69898
0.841	3.76272
0.843	3.5812
0.8432	3.56443
0.845	3.39228
0.847	3.44493
0.849	3.24154
0.85	3.18187
0.851	3.12187
0.853	3.20083
0.855	2.88861
0.857	2.91138
0.859	2.90467
0.861	2.76663
0.8625	2.71883
0.863	2.70291
0.865	2.66632
0.867	2.67004
0.869	2.51464
0.87	2.50678
0.871	2.49883
0.873	2.38501
0.875	2.32408
0.877	2.31197
0.879	2.30167
0.88	2.20818
0.881	2.1479
0.883	2.26898
0.885	2.04653
0.887	2.05349
0.8875	2.04273
0.889	2.01046
0.89	1.96044
0.891	1.91048
0.893	1.92098
0.8932	1.9203
0.895	1.91801
0.897	1.79496
0.899	1.85556
0.901	1.78479
0.903	1.68986
0.905	1.73109
0.907	1.67695
0.909	1.58
0.91	1.5983
0.911	1.61684
0.913	1.55993
0.915	1.48515
0.917	1.51712
0.919	1.44466
0.92	1.45894
0.921	1.51669
0.923	1.46356
0.925	1.38725
0.927	1.38857
0.929	1.36929
0.93	1.33252
0.931	1.29632
0.933	1.34634
0.935	1.26913
0.937	1.21386
0.939	1.25779
0.94	1.23582
0.941	1.20091
0.943	1.18108
0.945	1.1175
0.947	1.1503
0.949	1.19364
0.95	1.15936
0.951	1.1145
0.953	1.17972
0.954	1.12595
0.955	1.07295
0.956	1.0756
0.957	1.087
0.958	1.10179
0.959	1.10714
0.96	1.07714
0.961	1.04719
0.963	1.04526
0.965	1.03119
0.967	1.03376
0.969	1.03965
0.97	1.02009
0.971	1.00062
0.973	1.0465
0.975	1.03171
0.977	1.00962
0.979	1.02522
0.98	0.99961
0.981	0.9634
0.983	1.00716
0.984	0.94373
0.98402	1.00792
0.9841	1.00778
0.98411	1.00775
0.98421	1.00745
0.985	0.94435
0.98558	0.96016
0.987	1.00357
0.9875	0.98759
0.989	0.94219
0.99	0.9781
0.991	1.01448
0.9925	0.98705
0.993	0.97944
0.994	1.01318
0.995	1.06203
0.997	1.14956
0.9975	1.16847
0.999	1.2568
1.	1.32228
1.0001	1.3208
1.0005	1.31485
1.0015	1.22863
1.002	1.25184
1.0025	1.31862
1.003	1.32259
1.0035	1.29884
1.00371	1.38668
1.00382	1.39132
1.00391	1.39514
1.004	1.39789
1.00407	1.39969
1.00425	1.53746
1.0045	1.53789
1.00464	1.53886
1.00496	1.57899
1.005	1.58424
1.0055	1.64977
1.0065	1.84362
1.0075	1.87803
1.0085	2.08681
1.00862	2.11044
1.0095	2.36205
1.0099	2.4717
1.01	2.49886
1.01017	2.65661
1.01026	2.75622
1.01027	2.76731
1.0103	2.72762
1.01034	2.67413
1.01047	2.80883
1.0105	2.83832
1.0107	3.04279
1.01076	3.10428
1.01086	3.21043
1.011	3.30154
1.0113	3.4236
1.0115	3.5673
1.0125	4.63591
1.01276	4.85621
1.01296	5.34998
1.013	5.47457
1.0135	6.04069
1.01388	6.79693
1.0145	8.20861
1.015	9.34554
1.01507	9.5365
1.01525	10.24835
1.01543	10.96326
1.0155	11.18405
1.01558	11.58435
1.01566	11.98546
1.0157	12.18598
1.01575	12.43734
1.01599	14.1541
1.01611	14.57247
1.0162	15.13341
1.01637	16.13699
1.0165	17.25093
1.01654	17.66778
1.01668	19.51184
1.01673	19.89119
1.01678	20.27049
1.01685	20.78095
1.01694	21.61538
1.017	22.06614
1.01709	23.14639
1.0171	23.25869
1.01716	23.88835
1.0172	24.88813
1.01726	26.24761
1.0175	28.33008
1.01759	29.47729
1.01766	30.7438
1.01772	31.82951
1.01782	33.22513
1.018	35.77245
1.0181	36.98828
1.01814	37.47453
1.01815	37.64742
1.01821	38.68496
1.01828	39.89091
1.01832	40.69053
1.01848	43.73537
1.0185	44.12274
1.01862	45.75508
1.01864	45.8387
1.01868	46.00612
1.0187	46.08834
1.01878	46.41527
1.01887	47.1447
1.01896	47.00013
1.019	47.19204
1.0191	48.83609
1.01912	49.13189
1.01914	49.39189
1.01921	49.38032
1.01925	49.34589
1.0193	49.28344
1.01942	49.1333
1.01944	49.20486
1.01945	49.37341
1.0195	50.21603
1.01951	50.2929
1.01955	49.67462
1.01962	48.59289
1.01964	48.28375
1.01965	48.06972
1.01966	47.85567
1.01968	47.4273
1.01969	47.39468
1.01975	47.21256
1.01979	47.09118
1.01985	46.36033
1.0199	45.72681
1.01995	45.52858
1.02	45.32414
1.02005	45.00913
1.02006	44.94644
1.02013	44.48161
1.02015	44.14813
1.02043	39.47974
1.02045	39.40018
1.0205	39.20156
1.02053	39.04798
1.02058	38.79202
1.0206	38.69353
1.02065	35.70305
1.02076	33.55386
1.02086	31.85972
1.02096	32.96867
1.021	32.42265
1.02102	32.03818
1.02122	28.13579
1.02131	26.87975
1.02141	25.39206
1.0215	24.59312
1.02151	24.53442
1.02154	24.36622
1.02168	22.22037
1.02185	21.25185
1.0219	20.87203
1.02207	19.57971
1.02208	19.50153
1.02223	17.75816
1.0223	16.85045
1.02232	16.59113
1.0225	15.54325
1.0227	14.69146
1.02274	14.52143
1.02282	14.17311
1.023	13.3859
1.02325	12.31827
1.02327	12.2273
1.0235	11.30355
1.02397	10.05703
1.0245	8.82508
1.025	7.70305
1.02532	6.99301
1.02535	6.94125
1.0255	6.70673
1.0265	5.61215
1.0275	4.4769
1.02752	4.46055
1.0277	4.5096
1.02774	4.47229
1.0278	4.41632
1.02781	4.40746
1.02796	4.27837
1.028	4.26381
1.02823	3.98721
1.02841	3.87198
1.0285	3.83147
1.02909	3.56917
1.0292	3.52333
1.0295	3.4058
1.02995	3.36224
1.03	3.35737
1.0305	3.30881
1.0315	2.72664
1.0325	2.60369
1.0335	2.34981
1.03358	2.32893
1.0337	2.28462
1.03372	2.27732
1.03384	2.23349
1.03391	2.20584
1.034	2.19186
1.0345	2.11549
1.035	2.10816
1.0355	2.09586
1.036	2.03975
1.0365	1.9601
1.0375	2.00838
1.0385	1.70239
1.03916	1.66787
1.0395	1.65
1.03959	1.64254
1.0396	1.63851
1.03962	1.63047
1.03964	1.62243
1.0398	1.62506
1.04	1.6283
1.04003	1.62877
1.0425	1.52876
1.044	1.46647
1.045	1.42505
1.0475	1.32092
1.0496	1.24761
1.0497	1.23889
1.04971	1.23802
1.04981	1.22931
1.04986	1.23671
1.05	1.25089
1.05086	1.23972
1.0525	1.21944
1.055	1.19052
1.0575	1.17455
1.058	1.17863
1.059	1.06958
1.05952	1.06189
1.05958	1.0598
1.05966	1.05701
1.05995	1.0717
1.06	1.0719
1.061	1.06036
1.0625	1.04924
1.065	1.0364
1.0675	1.01508
1.07	0.99037
1.0725	0.97944
1.075	0.98828
1.0775	0.99457
1.08	0.98193
1.0825	0.96476
1.083	0.9592
1.085	0.93666
1.0875	0.91882
1.088	0.92118
1.09	0.93094
1.0925	0.94418
1.095	0.94571
1.0975	0.93342
1.1	0.91898
1.103	0.89903
1.105	0.89012
1.11	0.8864
1.1125	0.88313
1.115	0.87914
1.12	0.86535
1.123	0.86301
1.125	0.86079
1.127	0.86143
1.13	0.86241
1.135	0.87373
1.1375	0.87925
1.14	0.8832
1.142	0.88461
1.145	0.88649
1.15	0.89085
1.155	0.89817
1.16	0.88878
1.1625	0.89163
1.163	0.8918
1.165	0.89019
1.17	0.90062
1.175	0.89843
1.18	0.90032
1.183	0.90592
1.185	0.90842
1.1875	0.90599
1.19	0.90692
1.195	0.91402
1.2	0.92671
1.201	0.93581
1.202	0.94492
1.204	0.92964
1.205	0.92316
1.21	0.93409
1.2125	0.93919
1.215	0.94564
1.224	0.9642
1.225	0.96626
1.226	0.96965
1.23	0.98142
1.235	0.99987
1.2375	1.00751
1.24	1.01675
1.245	1.02903
1.246	1.02923
1.25	1.0212
1.251	1.02271
1.255	1.03021
1.26	1.05618
1.2625	1.07413
1.265	1.09007
1.269	1.10264
1.27	1.10577
1.275	1.09977
1.277	1.10087
1.28	1.10551
1.285	1.11471
1.286	1.11624
1.2875	1.11848
1.29	1.12948
1.295	1.15354
1.296	1.15929
1.3	1.18211
1.305	1.2041
1.31	1.22591
1.3125	1.23579
1.315	1.2392
1.32	1.22903
1.325	1.21297
1.326	1.21714
1.33	1.23329
1.335	1.28569
1.3375	1.29743
1.34	1.31125
1.345	1.31423
1.35	1.34056
1.354	1.37438
1.355	1.38198
1.357	1.3943
1.36	1.40931
1.3625	1.42006
1.364	1.42461
1.365	1.42851
1.368	1.4483
1.37	1.46195
1.375	1.48668
1.38	1.49465
1.385	1.50816
1.3875	1.51959
1.39	1.53258
1.394	1.55352
1.395	1.5591
1.4	1.5881
1.41	1.64855
1.4125	1.66573
1.42	1.71178
1.423	1.73172
1.425	1.7495
1.43	1.77817
1.435	1.79577
1.4375	1.80615
1.44	1.82824
1.443	1.84023
1.45	1.8704
1.4625	1.92909
1.47	1.95703
1.471	1.96249
1.475	1.98359
1.48	2.00976
1.4875	2.05347
1.49	2.06536
1.494	2.0773
1.5	2.09644
1.51	2.12328
1.5125	2.12741
1.515	2.12989
1.52	2.14115
1.522	2.14638
1.525	2.15129
1.53	2.16187
1.5375	2.17062
1.54	2.17497
1.543	2.18025
1.55	2.19381
1.56	2.24249
1.5625	2.25498
1.57	2.2922
1.572	2.29541
1.575	2.30532
1.58	2.31589
1.5875	2.3351
1.59	2.34234
1.594	2.36201
1.595	2.35551
1.6	2.38024
1.61	2.43074
1.6125	2.44323
1.62	2.45735
1.623	2.46184
1.625	2.46918
1.63	2.49018
1.633	2.50101
1.6375	2.5171
1.64	2.52991
1.643	2.54505
1.65	2.56011
1.66	2.56836
1.6625	2.57024
1.669	2.5649
1.67	2.56298
1.674	2.54713
1.675	2.5457
1.68	2.53575
1.6875	2.50651
1.69	2.50061
1.693	2.49694
1.7	2.45453
1.71	2.41291
1.7125	2.40624
1.716	2.39055
1.72	2.40085
1.723	2.41006
1.725	2.4036
1.73	2.38628
1.7375	2.33575
1.74	2.32399
1.742	2.31662
1.75	2.29808
1.758	2.28687
1.76	2.28551
1.7625	2.28308
1.77	2.26419
1.774	2.25317
1.775	2.25061
1.78	2.24035
1.7875	2.21986
1.79	2.21694
1.793	2.21428
1.798	2.19654
1.8	2.19352
1.81	2.17669
1.8125	2.17245
1.82	2.15343
1.825	2.13756
1.826	2.1342
1.83	2.12864
1.8375	2.12606
1.84	2.11843
1.849	2.06677
1.85	2.0629
1.86	2.02198
1.8625	2.01146
1.87	1.99885
1.871	1.99919
1.874	2.01401
1.875	2.01363
1.877	2.01386
1.88	2.01467
1.8875	2.01824
1.889	2.04875
1.89	2.07496
1.893	2.06603
1.9	2.04352
1.901	2.03956
1.903	2.03977
1.9075	2.01529
1.91	2.00125
1.9125	1.99767
1.913	1.99986
1.92	2.03141
1.925	2.05997
1.926	2.06564
1.927	2.08043
1.93	2.09977
1.9375	2.13061
1.938	2.12958
1.94	2.12483
1.945	2.12486
1.95	2.11716
1.951	2.11451
1.953	2.10948
1.96	2.10646
1.962	2.10092
1.9625	2.10061
1.967	2.11572
1.97	2.12372
1.975	2.12641
1.978	2.13718
1.98	2.14564
1.9875	2.1589
1.988	2.16236
1.989	2.16963
1.99	2.17542
2.	2.18
2.2	2.38
2.4	2.38
2.5	2.39
2.6	2.38
2.7	2.3
2.8	2.17
2.9	2.22
3.	2.21
3.2	2.21
3.4	2.38
3.55	2.23
3.7	2.23
3.73	2.1
3.75	2.47
3.76	2.77
3.764	3.29
3.768	3.8
3.77	3.55
3.772	3.12
3.776	3.26
3.78	3.28
3.79	2.62
3.81	2.38
3.85	2.47
3.89	2.64
3.93	3.18
3.94	2.94
3.95	2.97
3.96	2.79
3.97	3.29
3.98	3.13
3.99	3.06
4.	3.16
4.01	3.53
4.02	4.43
4.027	4.58
4.03	4.58
4.033	4.32
4.04	4.4
4.05	4.23
4.06	4.65
4.07	4.14
4.08	4.24
4.09	4.06
4.1	3.97
4.11	3.92
4.12	4.11
4.13	3.99
4.14	3.83
4.15	4.21
4.16	4.12
4.17	4.12
4.18	4.18
4.19	4.01
4.2	3.87
4.21	3.2
4.22	3.62
4.23	3.21
4.24	3.24
4.245	2.97
4.25	2.71
4.255	2.88
4.26	2.97
4.265	3.04
4.27	3.26
4.28	3.08
4.3	3.11
4.32	2.96
4.34	3.27
4.35	3.49
4.36	3.47
4.38	3.5
4.39	3.48
4.4	3.91
4.41	3.79
4.42	3.68
4.43	4.02
4.44	3.85
4.45	3.75
4.46	3.66
4.48	3.54
4.5	3.49
4.52	3.25
4.54	3.23
4.56	3.62
4.6	3.31
4.8	3.66
5.	3.47
5.2	3.44
5.25	3.57
5.5	3.41
5.75	3.44
6.	3.44
6.25	3.31
6.5	3.37
6.75	3.42
7.	3.35
7.25	3.57
7.4	3.35
7.44	3.37
8.91	3.42
9.28	3.31
9.415	3.57
12.	3.8
14.	4.14
22.	3.89
25.	3.71
27.5	3.9
30.1	3.93
31.1	3.65
33.2	4.08
34.	4.11
34.7	4.07
36.1	3.92
41.4	4.04
41.45	4.08
44.2	4.22
50.	4.37
52.	4.66
88.231	479.788
88.48	568.84
89.236	966.311
89.47	1165.3
90.228	2160.79
90.238	2217.19
91.222	3504.57
91.23	3514.35
91.254	3506.32
91.294	3490.49
91.967	2532.8
92.226	2150.43
92.966	1222.09
93.228	999.441
93.716	751.549
94.223	555.945
130.	14.3944
136.1	12.6696
161.3	10.2231
172.3	8.85453
182.7	8.74079
188.7	8.57479